Temperature : 23.01.2020 09:20:13/455.000000
Pressure : 23.01.2020 09:20:13/13.340000
Humidity : 23.01.2020 09:20:13/78678.000000